n,k,dim,rank,N,mu_min
5,2,46,46,64,0.0572702852
6,2,56,56,76,0.0086808137
7,2,79,79,88,-0.0000000000
8,2,92,92,100,-0.0000000000
9,2,106,106,112,-0.0000000000
10,2,137,124,124,-0.0000000000
11,2,154,136,136,-0.0000000000
12,2,191,148,148,-0.0000000000
13,2,211,160,160,-0.0000000000
14,2,232,171,172,-0.0000000000
15,2,254,182,184,-0.0000000000
16,2,277,193,196,-0.0000000000
17,2,326,205,208,-0.0000000000
18,2,379,217,220,-0.0000000000
19,2,407,227,232,-0.0000000000
20,2,407,234,244,-0.0000000000
21,2,436,244,256,-0.0000000000
22,2,466,253,268,-0.0000000000
23,2,529,266,280,-0.0000000000
24,2,529,273,292,-0.0000000000
25,2,596,285,304,-0.0000000000
26,2,631,294,316,0.0024592841
27,2,667,304,328,-0.0000000000
28,2,704,313,340,0.0007579739
29,2,742,322,352,0.0000025530
30,2,821,334,364,-0.0000000000
31,2,821,341,376,0.0000076078
32,2,904,352,388,0.0064813435
33,2,991,364,400,0.0000000089
34,2,991,371,412,0.0001252517
35,2,1036,380,424,0.0031951140
36,2,1036,386,436,0.0000961838
37,2,1082,397,448,0.0000200937
38,2,1177,406,460,0.0258603276
39,2,1226,413,472,0.0161517142
40,2,1327,426,484,0.0072050609
41,2,1327,432,496,0.0000000305
42,2,1379,440,508,0.0032406509
43,2,1432,449,520,0.0002520978
44,2,1486,456,532,0.0003160999
45,2,1597,466,544,0.0000007211
46,2,1654,474,556,0.0266979892
47,2,1771,482,568,0.0004376839
48,2,1771,489,580,0.0001713839
49,2,1831,497,592,0.0255729008
50,2,1831,503,604,0.0407508165
51,2,1892,512,616,0.0642892342
52,2,2017,519,628,0.0046930103
53,2,2081,526,640,0.0001797652
54,2,2081,535,652,0.0072273419
55,2,2146,541,664,0.0451420511
56,2,2212,548,676,0.0070867920
57,2,2212,554,688,0.0490948418
58,2,2347,564,700,0.0768626868
59,2,2416,571,712,0.1236902055
60,2,2486,578,724,0.0121335676
61,2,2557,587,736,0.0179922215
62,2,2629,594,748,0.0021772077
63,2,2702,600,760,0.0000022120
64,2,2776,606,772,0.0605557499
65,2,2851,614,784,0.0036777890
66,2,2927,620,796,0.0311541178
67,2,3004,628,808,0.1302803642
68,2,3082,634,820,0.0043546025
69,2,3082,638,832,0.1652408663
70,2,3241,648,844,0.0682741730
71,2,3241,655,856,0.0001270864
72,2,3404,661,868,0.0711555496
73,2,3487,667,880,0.0994839942
74,2,3571,675,892,0.0320303134
75,2,3656,681,904,0.1146000651
76,2,3742,689,916,0.1508446067
77,2,3917,696,928,0.0000054535
78,2,4006,702,940,0.0206944033
79,2,4006,706,952,0.1153123294
80,2,4096,715,964,0.2180992561
81,2,4187,721,976,0.0002848317
82,2,4279,727,988,0.0864399864
83,2,4372,734,1000,0.1689798392
84,2,4466,741,1012,0.1603486117
85,2,4561,747,1024,0.0647727456
86,2,4561,752,1036,0.0384249457
87,2,4754,760,1048,0.1140911172
88,2,4754,764,1060,0.0055597198
89,2,4754,769,1072,0.0114370805
90,2,4852,778,1084,0.0062801477
91,2,4951,784,1096,0.1651191214
92,2,4951,792,1108,0.0023790529
93,2,5051,798,1120,0.1419944237
94,2,5152,803,1132,0.2455642602
95,2,5357,811,1144,0.0583490434
96,2,5461,816,1156,0.0096520983
97,2,5461,822,1168,0.0904284093
98,2,5566,828,1180,0.1580876634
99,2,5672,836,1192,0.1902493503
100,2,5887,842,1204,0.0155774150
101,2,5996,847,1216,0.0020332487
102,2,6106,853,1228,0.1413915768
103,2,6329,859,1240,0.0086436453
104,2,6329,865,1252,0.2081018222
105,2,6442,871,1264,0.1744215590
106,2,6442,878,1276,0.0221942474
107,2,6671,883,1288,0.0000258111
108,2,6787,890,1300,0.1871344709
109,2,6904,895,1312,0.2114071180
110,2,7141,901,1324,0.3252491087
111,2,7141,905,1336,0.1826513822
112,2,7261,915,1348,0.0101750000
113,2,7382,917,1360,0.2000779383
114,2,7504,926,1372,0.0031038162
115,2,7627,931,1384,0.2460883172
116,2,7627,935,1396,0.0627531244
117,2,7751,944,1408,0.2548788285
118,2,7876,949,1420,0.2308475100
119,2,7876,955,1432,0.0019836169
120,2,8002,962,1444,0.0298682368
121,2,8129,967,1456,0.3367999291
122,2,8257,974,1468,0.0000342644
123,2,8386,978,1480,0.0083497667
124,2,8516,983,1492,0.0518394063
125,2,8647,989,1504,0.1203863552
126,2,8779,997,1516,0.0016887816
127,2,8912,1001,1528,0.1136945816
128,2,9046,1009,1540,0.0000171929
129,2,9181,1014,1552,0.1581338536
130,2,9181,1020,1564,0.1363198175
131,2,9317,1027,1576,0.0177103955
132,2,9317,1032,1588,0.1725594903
133,2,9454,1036,1600,0.0128067719
134,2,9454,1044,1612,0.0963938463
135,2,9731,1049,1624,0.1461891611
136,2,9731,1054,1636,0.1355388113
137,2,10012,1062,1648,0.0035409507
138,2,10297,1066,1660,0.3658880861
139,2,10297,1071,1672,0.3993517986
140,2,10441,1080,1684,0.2931510418
141,2,10441,1082,1696,0.2560449161
142,2,10586,1086,1708,0.0126478923
143,2,10879,1096,1720,0.0044781385
144,2,11027,1101,1732,0.3770481943
145,2,11027,1104,1744,0.0675143739
146,2,11176,1111,1756,0.0440683260
147,2,11477,1116,1768,0.0912008243
148,2,11629,1122,1780,0.1625826926
149,2,11629,1126,1792,0.1725799653
150,2,11629,1135,1804,0.0168894791
151,2,11782,1136,1816,0.0010844961
152,2,11936,1142,1828,0.0744530157
153,2,12091,1148,1840,0.2782192477
154,2,12091,1153,1852,0.3100409307
155,2,12247,1160,1864,0.4427563446
156,2,12404,1167,1876,0.3506111442
157,2,12562,1173,1888,0.3565705980
158,2,12721,1177,1900,0.4517051816
159,2,12881,1181,1912,0.3328040810
160,2,12881,1187,1924,0.1143050818
161,2,13042,1191,1936,0.3455503076
162,2,13204,1199,1948,0.0149589859
163,2,13367,1203,1960,0.3101248849
164,2,13531,1208,1972,0.0141598988
165,2,13696,1215,1984,0.0113782648
166,2,13862,1220,1996,0.0191211208
167,2,13862,1225,2008,0.3019206237
168,2,14029,1229,2020,0.2356403265
169,2,14197,1237,2032,0.0857757174
170,2,14536,1241,2044,0.4159280481
171,2,14536,1246,2056,0.0034646684
172,2,14879,1250,2068,0.0238693558
173,2,15052,1258,2080,0.0000569147
174,2,15052,1262,2092,0.2861060334
175,2,15401,1266,2104,0.0797560519
176,2,15401,1270,2116,0.3209721874
177,2,15754,1279,2128,0.1805566029
178,2,15932,1283,2140,0.3286144109
179,2,15932,1290,2152,0.2914385254
180,2,15932,1295,2164,0.2777357574
181,2,16111,1300,2176,0.0487538038
182,2,16472,1305,2188,0.0615175954
183,2,16654,1308,2200,0.0001068397
184,2,16837,1315,2212,0.4135909828
185,2,17021,1319,2224,0.2664327194
186,2,17206,1324,2236,0.2925568008
187,2,17392,1331,2248,0.3857061379
188,2,17579,1336,2260,0.3876456442
189,2,17579,1339,2272,0.3374631159
190,2,17579,1347,2284,0.0249227303
191,2,17579,1351,2296,0.0080014803
192,2,17956,1354,2308,0.4484383509
193,2,17956,1359,2320,0.3601014014
194,2,18146,1367,2332,0.0656320212
195,2,18337,1371,2344,0.4563066974
196,2,18337,1376,2356,0.0018800570
197,2,18529,1379,2368,0.0001441823
198,2,18722,1384,2380,0.4651937423
199,2,18916,1391,2392,0.2799626976
200,2,19111,1396,2404,0.3186652927
201,2,19111,1398,2416,0.3122296988
202,2,19307,1404,2428,0.4115925776
203,2,19504,1407,2440,0.5759469464
204,2,19702,1414,2452,0.0176605956
205,2,20101,1418,2464,0.0005966623
206,2,20302,1427,2476,0.3312703480
207,2,20302,1429,2488,0.5303999949
208,2,20504,1433,2500,0.4480957812
209,2,20504,1437,2512,0.3328061031
210,2,20707,1442,2524,0.0004182146
211,2,20707,1448,2536,0.0428833495
212,2,20707,1452,2548,0.3757768551
213,2,21116,1456,2560,0.4951011677
214,2,21322,1460,2572,0.3576181096
215,2,21737,1464,2584,0.5805868518
216,2,21946,1471,2596,0.4422833292
217,2,22367,1474,2608,0.5783429521
218,2,22579,1480,2620,0.4623755511
219,2,22579,1486,2632,0.1979114677
220,2,23006,1489,2644,0.3114973196
221,2,23221,1494,2656,0.5315415885
222,2,23221,1497,2668,0.1009461736
223,2,23221,1504,2680,0.3795637865
224,2,23221,1508,2692,0.2686058076
225,2,23221,1512,2704,0.0438203854
226,2,23221,1516,2716,0.1507180518
227,2,23437,1519,2728,0.3396426600
228,2,23654,1528,2740,0.1127097032
229,2,23872,1530,2752,0.1978488084
230,2,24091,1535,2764,0.3320554037
231,2,24091,1540,2776,0.4510821824
232,2,24091,1543,2788,0.0006893917
233,2,24311,1548,2800,0.0002104441
234,2,24311,1552,2812,0.5373451700
235,2,24532,1557,2824,0.4462754316
236,2,24532,1563,2836,0.3508221342
237,2,24754,1567,2848,0.5688414123
238,2,25201,1571,2860,0.1087001546
239,2,25426,1577,2872,0.4328869233
240,2,25652,1579,2884,0.0077504439
241,2,25879,1586,2896,0.6158459854
242,2,26336,1589,2908,0.0609328432
243,2,26566,1592,2920,0.4217514651
244,2,26566,1595,2932,0.4801969413
245,2,26797,1603,2944,0.0595740299
246,2,26797,1607,2956,0.1930209498
247,2,27262,1610,2968,0.4687896862
248,2,27731,1614,2980,0.0005409452
249,2,27967,1622,2992,0.1255056487
250,2,28204,1625,3004,0.3979378189
251,2,28204,1629,3016,0.5939540055
252,2,28442,1632,3028,0.0002720630
253,2,28442,1636,3040,0.5536284514
254,2,28681,1642,3052,0.6246045249
255,2,28921,1645,3064,0.0422266429
256,2,28921,1649,3076,0.4347811257
257,2,29162,1654,3088,0.2648803207
258,2,29404,1659,3100,0.4990729871
259,2,29647,1663,3112,0.4696140664
260,2,29891,1664,3124,0.3210719655
261,2,30136,1671,3136,0.4234998117
262,2,30382,1674,3148,0.3245165578
263,2,30629,1678,3160,0.1205377858
264,2,30877,1685,3172,0.4310648219
265,2,30877,1689,3184,0.5122283836
266,2,31126,1693,3196,0.4726377981
267,2,31376,1697,3208,0.0004948487
268,2,31879,1701,3220,0.0015149781
269,2,32132,1706,3232,0.5827215581
270,2,32641,1709,3244,0.6906557250
271,2,32897,1714,3256,0.6567630162
272,2,32897,1717,3268,0.5321999711
273,2,33154,1721,3280,0.3730946652
274,2,33154,1728,3292,0.2526461609
275,2,33154,1732,3304,0.5727319008
276,2,33412,1734,3316,0.5023084854
277,2,33671,1738,3328,0.4342920004
278,2,34192,1741,3340,0.0008021263
279,2,34192,1749,3352,0.0591356115
280,2,34192,1751,3364,0.0769761954
281,2,34192,1756,3376,0.5661072422
282,2,34454,1761,3388,0.0006368067
283,2,34981,1767,3400,0.5561776211
284,2,34981,1766,3412,0.4738177914
285,2,35246,1773,3424,0.1007455043
286,2,35246,1775,3436,0.1263364826
287,2,35779,1784,3448,0.6485059993
288,2,35779,1786,3460,0.1494863803
289,2,36047,1790,3472,0.5994489152
290,2,36316,1794,3484,0.0007032995
291,2,36586,1798,3496,0.1226375742
292,2,36857,1801,3508,0.6008459199
293,2,37129,1808,3520,0.1122442067
294,2,37129,1812,3532,0.6964242481
295,2,37129,1816,3544,0.0016334018
296,2,37402,1818,3556,0.1949024390
297,2,37676,1823,3568,0.0016023546
298,2,38227,1829,3580,0.5603833141
299,2,38227,1832,3592,0.1902028341
300,2,38504,1835,3604,0.2740106188
301,2,38504,1838,3616,0.5514985153
302,2,38782,1844,3628,0.6480908228
303,2,38782,1850,3640,0.7083397792
304,2,39061,1854,3652,0.6856085768
305,2,39341,1856,3664,0.0098818705
306,2,39341,1861,3676,0.6295824193
307,2,39341,1863,3688,0.1196625417
308,2,39622,1871,3700,0.6569430498
309,2,39622,1870,3712,0.5355151145
310,2,39904,1878,3724,0.1226576977
311,2,40187,1881,3736,0.6458118910
312,2,40756,1887,3748,0.0920713777
313,2,41329,1889,3760,0.6605666127
314,2,41329,1892,3772,0.0468518488
315,2,41617,1898,3784,0.7315546730
316,2,41617,1900,3796,0.0527706596
317,2,41906,1905,3808,0.6973952144
318,2,42196,1906,3820,0.5726961970
319,2,42487,1916,3832,0.3900389020
320,2,42487,1918,3844,0.0016229361
321,2,42487,1921,3856,0.4637259619
322,2,43072,1925,3868,0.6882080168
323,2,43072,1929,3880,0.2539436249
324,2,43072,1933,3892,0.1790252994
325,2,43661,1938,3904,0.1528451453
326,2,43661,1942,3916,0.0309597274
327,2,43661,1950,3928,0.5435118882
328,2,43661,1950,3940,0.0818522513
329,2,43957,1954,3952,0.3737953691
330,2,44254,1960,3964,0.6484140327
331,2,44552,1963,3976,0.2485656771
332,2,44851,1967,3988,0.6210075744
333,2,45452,1971,4000,0.1319943497
334,2,45754,1975,4012,0.2813864664
335,2,46057,1977,4024,0.2998253009
336,2,46361,1980,4036,0.5907751509
337,2,46361,1987,4048,0.6379827982
338,2,46972,1992,4060,0.7033320213
339,2,46972,1994,4072,0.5322351734
340,2,47279,2001,4084,0.6679133310
341,2,47279,2006,4096,0.4891187985
342,2,47587,2009,4108,0.3443528814
343,2,47587,2012,4120,0.7650640695
344,2,47896,2015,4132,0.6044185817
345,2,48206,2021,4144,0.7653307936
346,2,48206,2023,4156,0.7348983596
347,2,48829,2028,4168,0.5776338617
348,2,49456,2032,4180,0.6915570563
349,2,49456,2036,4192,0.4265348252
350,2,49771,2042,4204,0.1668505075
351,2,49771,2045,4216,0.7801959984
352,2,50404,2049,4228,0.4512985599
353,2,50404,2052,4240,0.7455187217
354,2,50404,2056,4252,0.5144443764
355,2,51041,2062,4264,0.7489577005
356,2,51361,2061,4276,0.0709376159
357,2,52004,2069,4288,0.5730869976
358,2,52004,2071,4300,0.4122231744
359,2,52327,2076,4312,0.5300390460
360,2,52651,2083,4324,0.0913135814
361,2,52651,2085,4336,0.5338604672
362,2,52651,2089,4348,0.4109535066
363,2,52976,2092,4360,0.7037056971
364,2,52976,2095,4372,0.6668602564
365,2,52976,2100,4384,0.5912827508
366,2,52976,2103,4396,0.2147500532
367,2,53302,2111,4408,0.2812669172
368,2,53629,2114,4420,0.7079142228
369,2,53957,2115,4432,0.1891136776
370,2,54286,2123,4444,0.0373195619
371,2,54286,2124,4456,0.7084632712
372,2,54286,2129,4468,0.2078450964
373,2,54947,2128,4480,0.8342654951
374,2,55279,2138,4492,0.7639273924
375,2,55612,2139,4504,0.0746420196
376,2,55612,2145,4516,0.1630240724
377,2,55612,2148,4528,0.2338672861
378,2,56281,2153,4540,0.7869063604
379,2,56617,2158,4552,0.6151410194
380,2,56954,2160,4564,0.5625057015
381,2,57292,2163,4576,0.7243216590
382,2,57631,2169,4588,0.0870361658
383,2,57971,2170,4600,0.1003564638
384,2,57971,2173,4612,0.5762250549
385,2,58654,2180,4624,0.7596529619
386,2,58654,2186,4636,0.5134670972
387,2,58654,2186,4648,0.4124358974
388,2,58654,2192,4660,0.6394922265
389,2,58997,2197,4672,0.6908705218
390,2,59686,2201,4684,0.4518501938
391,2,60032,2204,4696,0.0614965849
392,2,60379,2208,4708,0.6433568207
393,2,60727,2214,4720,0.0021562361
394,2,60727,2218,4732,0.2189274876
395,2,61076,2219,4744,0.1980611522
396,2,61426,2225,4756,0.6929160284
397,2,62129,2227,4768,0.7495110828
398,2,62482,2231,4780,0.6206415763
399,2,62836,2238,4792,0.5269854230
400,2,63191,2238,4804,0.7801177069
401,2,63191,2245,4816,0.5463715604
402,2,63547,2245,4828,0.5130668248
403,2,63904,2250,4840,0.6467288026
404,2,64262,2257,4852,0.7846078420
405,2,64262,2258,4864,0.6558503603
406,2,64621,2265,4876,0.4299334004
407,2,64981,2268,4888,0.6367359425
408,2,65342,2270,4900,0.6177149509
409,2,65342,2275,4912,0.7319885585
410,2,65704,2278,4924,0.6145168868
411,2,66067,2281,4936,0.2647029967
412,2,66431,2289,4948,0.7603323509
413,2,66796,2289,4960,0.8057404550
414,2,66796,2296,4972,0.6031897239
415,2,66796,2297,4984,0.1727793482
416,2,66796,2302,4996,0.6198076013
417,2,67162,2303,5008,0.7604072439
418,2,67162,2310,5020,0.7664547056
419,2,67162,2313,5032,0.6808788304
420,2,67529,2317,5044,0.8087900984
421,2,67529,2322,5056,0.4490635369
422,2,67897,2324,5068,0.7911482572
423,2,68266,2331,5080,0.7915525467
424,2,68636,2333,5092,0.8320179068
425,2,69379,2338,5104,0.7117801366
426,2,69752,2342,5116,0.7588530983
427,2,69752,2344,5128,0.7722106489
428,2,69752,2346,5140,0.5530224399
429,2,69752,2350,5152,0.3606787743
430,2,70126,2358,5164,0.7626089565
431,2,70126,2362,5176,0.6630823796
432,2,70877,2363,5188,0.2211426558
433,2,70877,2367,5200,0.1251580150
434,2,70877,2371,5212,0.6030745705
435,2,71254,2378,5224,0.8930664730
436,2,71632,2376,5236,0.8187930757
437,2,72011,2385,5248,0.4352502943
438,2,72011,2385,5260,0.7493994726
439,2,72391,2392,5272,0.0751088257
440,2,72391,2394,5284,0.1807252956
441,2,72772,2398,5296,0.6033485625
442,2,72772,2404,5308,0.1202181696
443,2,73537,2408,5320,0.7670766264
444,2,73921,2409,5332,0.0303565274
445,2,74306,2414,5344,0.7620092290
446,2,74692,2417,5356,0.6801477013
447,2,75079,2420,5368,0.0365887320
448,2,75856,2425,5380,0.7351715041
449,2,76246,2432,5392,0.7395532572
450,2,76637,2432,5404,0.5956224558
451,2,77029,2436,5416,0.4353385516
452,2,77816,2440,5428,0.6924742936
453,2,78211,2442,5440,0.2142246155
454,2,78211,2447,5452,0.1288947145
455,2,79004,2453,5464,0.7309410864
456,2,79004,2456,5476,0.6501610849
457,2,79402,2460,5488,0.2903665759
458,2,79801,2463,5500,0.0022668330
459,2,80201,2466,5512,0.4935227554
460,2,80201,2469,5524,0.7836924930
461,2,80602,2476,5536,0.7511259537
462,2,80602,2480,5548,0.7996477667
463,2,81004,2479,5560,0.6064848780
464,2,81004,2487,5572,0.7069777670
465,2,81811,2489,5584,0.6324714213
466,2,82216,2491,5596,0.4662625748
467,2,83029,2496,5608,0.7464571808
468,2,83029,2498,5620,0.7706648787
469,2,83029,2504,5632,0.5846766130
470,2,83437,2506,5644,0.7973695020
471,2,83437,2511,5656,0.8685003123
472,2,83846,2518,5668,0.7357763211
473,2,84256,2518,5680,0.1213796476
474,2,84667,2524,5692,0.8749401926
475,2,85079,2528,5704,0.8559524360
476,2,85492,2532,5716,0.5153073275
477,2,85906,2533,5728,0.8201434858
478,2,85906,2538,5740,0.7965169217
479,2,85906,2543,5752,0.8123486400
480,2,86321,2547,5764,0.9235491615
481,2,86737,2551,5776,0.7041414322
482,2,86737,2554,5788,0.9687787908
483,2,87154,2556,5800,0.0027779281
484,2,87572,2560,5812,0.4376809718
485,2,87991,2564,5824,0.0044626227
486,2,88411,2566,5836,0.8978757672
487,2,88411,2573,5848,0.1057406338
488,2,88832,2578,5860,0.6820769948
489,2,88832,2577,5872,0.8142476812
490,2,89254,2582,5884,0.7747099604
491,2,89254,2587,5896,0.6026733504
492,2,89677,2590,5908,0.8099968273
493,2,90101,2594,5920,0.4405943127
494,2,90526,2595,5932,0.2360595552
495,2,91379,2603,5944,0.8094152918
496,2,91379,2608,5956,0.3060847908
497,2,91379,2611,5968,0.3471435233
498,2,91379,2611,5980,0.2634725357
499,2,91379,2615,5992,0.8433216311
500,2,92236,2619,6004,0.0019033407
501,2,92236,2626,6016,0.9531229572
502,2,92666,2627,6028,0.3805042246
503,2,93097,2631,6040,0.8989077614
504,2,93529,2636,6052,0.6744969441
505,2,93529,2638,6064,0.7547622691
506,2,93962,2642,6076,0.7052246296
507,2,94396,2648,6088,0.8207514329
508,2,94831,2652,6100,0.5510611805
509,2,94831,2654,6112,0.8128292823
510,2,95267,2654,6124,0.1894858529
511,2,95704,2662,6136,0.4525996442
512,2,95704,2664,6148,0.7544366281
513,2,96142,2667,6160,0.8217483200
514,2,96581,2670,6172,0.7997958481
515,2,97021,2675,6184,0.1330713702
516,2,97021,2679,6196,0.7005510403
517,2,97021,2683,6208,0.2142068040
518,2,97462,2687,6220,0.8825766338
519,2,97462,2694,6232,0.7704529499
520,2,98347,2692,6244,0.0105418210
521,2,98347,2699,6256,0.9055150171
522,2,98347,2704,6268,0.1545097184
523,2,98791,2705,6280,0.8819013876
524,2,98791,2710,6292,0.9050231473
525,2,98791,2712,6304,0.0030385060
526,2,98791,2716,6316,0.0668765841
527,2,99236,2724,6328,0.6665010435
528,2,100129,2727,6340,0.8090557721
529,2,100129,2728,6352,0.4210904611
530,2,100577,2731,6364,0.7661271249
531,2,101026,2735,6376,0.8953156798
532,2,101476,2742,6388,0.8679671878
533,2,101476,2743,6400,0.6956960585
534,2,101927,2746,6412,0.1138777222
535,2,102379,2747,6424,0.8127969170
536,2,102832,2756,6436,0.1827869976
537,2,103286,2756,6448,0.6870580611
538,2,103741,2761,6460,0.9734880584
539,2,103741,2763,6472,0.9056273810
540,2,103741,2767,6484,0.1839372105
541,2,103741,2769,6496,0.4534761407
542,2,104654,2775,6508,0.8107338307
543,2,105571,2777,6520,0.7858187789
544,2,105571,2782,6532,0.8517435267
545,2,106031,2786,6544,0.9587944405
546,2,106031,2789,6556,0.7521974963
547,2,106031,2792,6568,0.2164156232
548,2,106031,2798,6580,0.8734711051
549,2,106031,2800,6592,0.7375103899
550,2,106954,2806,6604,0.9571124332
551,2,107417,2810,6616,0.8315970403
552,2,107881,2813,6628,0.9333931228
553,2,108346,2814,6640,0.2632118392
554,2,108812,2817,6652,0.6173271634
555,2,109747,2820,6664,0.0119047876
556,2,109747,2827,6676,0.6004574867
557,2,110216,2830,6688,0.1422658723
558,2,110686,2835,6700,0.8787087655
559,2,110686,2839,6712,0.4929211782
560,2,111629,2841,6724,0.9163309289
561,2,111629,2844,6736,0.6941576320
562,2,112576,2852,6748,0.5619268716
563,2,112576,2851,6760,0.0052705565
564,2,112576,2856,6772,0.7580422190
565,2,113527,2861,6784,0.7472605036
566,2,113527,2860,6796,0.8404602114
567,2,113527,2870,6808,0.8521626735
568,2,114004,2869,6820,0.9540649748
569,2,114482,2875,6832,0.3693792960
570,2,114482,2881,6844,0.7942219861
571,2,114482,2881,6856,0.9629347567
572,2,114961,2887,6868,0.8987968297
573,2,114961,2889,6880,1.0017702176
574,2,114961,2892,6892,0.8360263521
575,2,115441,2895,6904,0.7286172182
576,2,115922,2899,6916,0.6709019681
577,2,116887,2905,6928,0.4895203368
578,2,117856,2902,6940,0.9583290707
579,2,117856,2909,6952,0.7129586508
580,2,117856,2914,6964,0.7338379647
581,2,117856,2917,6976,0.0498465045
582,2,118342,2920,6988,0.8212769543
583,2,118829,2927,7000,0.8483787362
584,2,118829,2925,7012,0.9499813896
585,2,119317,2933,7024,0.2481334006
586,2,119806,2937,7036,0.7941230787
587,2,119806,2940,7048,0.9298077648
588,2,120787,2943,7060,0.9652184108
589,2,121279,2946,7072,0.9997144252
590,2,122266,2952,7084,0.0035263340
591,2,122761,2956,7096,0.7759158376
592,2,122761,2958,7108,0.4594350483
593,2,123754,2962,7120,0.8722874502
594,2,123754,2965,7132,0.9322047704
595,2,124252,2970,7144,0.1287395350
596,2,124252,2970,7156,0.5664244536
597,2,125251,2976,7168,0.9587381920
598,2,125251,2977,7180,0.7604663164
599,2,125752,2986,7192,0.8379795442
600,2,125752,2987,7204,0.5047680837
