n   | Best Alpha     | S1 (Mass)      | S2 (Hits)      | Ratio S2/S1    | S2 < S1?
--------------------------------------------------------------------------------
2   | 2.000          | 12749469617.4320 | 1882521985.4025 | 0.1477         | True
3   | 2.000          | 6035838846648.0381 | 19463597148.7228 | 0.0032         | True
4   | 1.270          | 996558013.4845 | 25236751.4817  | 0.0253         | True
5   | 0.150          | 525.4767       | 299.1387       | 0.5693         | True
6   | 2.000          | 128294006079612.9688 | 24337247192554.5508 | 0.1897         | True
7   | 0.980          | 7305624454.4610 | 6296571720.2688 | 0.8619         | True
8   | 1.850          | 31429483664890760.0000 | 91732815264024.6719 | 0.0029         | True
9   | 1.790          | 7172106217424833.0000 | 792311639718467.2500 | 0.1105         | True
10  | 2.000          | 29456639698468384.0000 | 11469792123790618.0000 | 0.3894         | True
11  | 0.200          | 24018.9544     | 21289.2887     | 0.8864         | True
12  | 1.360          | 663160081757196.2500 | 133181415942578.9688 | 0.2008         | True
13  | 1.200          | 62219578697754.2266 | 2969559639406.0122 | 0.0477         | True
14  | 0.980          | 12042274494647.7344 | 1946400656855.6316 | 0.1616         | True
15  | 0.350          | 44758651.9328  | 49235330.3327  | 1.1000         | False
16  | 0.120          | 8102.4085      | 6895.8496      | 0.8511         | True
17  | 1.260          | 8087078150017552.0000 | 1271342513775168.7500 | 0.1572         | True
18  | 2.000          | 11189088429905903616.0000 | 323202742936726656.0000 | 0.0289         | True
19  | 0.150          | 62420.7829     | 60360.8419     | 0.9670         | True
20  | 0.200          | 279857.3445    | 261124.7544    | 0.9331         | True
21  | 0.070          | 1092.9803      | 1474.5406      | 1.3491         | False
22  | 0.130          | 17947.7886     | 18316.7473     | 1.0206         | False
23  | 0.700          | 1035659398556.7170 | 792846358087.6499 | 0.7655         | True
24  | 0.060          | 1137.3881      | 1461.1342      | 1.2846         | False
25  | 0.200          | 1684768.7965   | 1533034.0119   | 0.9099         | True
26  | 0.680          | 4069962017646.9775 | 3959240845204.6606 | 0.9728         | True
27  | 0.090          | 7848.2510      | 8200.0336      | 1.0448         | False
28  | 0.060          | 1114.3419      | 1694.8940      | 1.5210         | False
29  | 0.170          | 469056.9439    | 458727.3614    | 0.9780         | True
30  | 0.990          | 8486444217506483.0000 | 2238514551693892.2500 | 0.2638         | True
31  | 0.830          | 139592383028014.9062 | 128502354379770.8438 | 0.9206         | True
32  | 1.040          | 20044919477712248.0000 | 20134261891979188.0000 | 1.0045         | False
33  | 0.740          | 25759946690542.7500 | 26214098681141.2031 | 1.0176         | False
34  | 0.760          | 50402392885020.9766 | 11813365157470.3809 | 0.2344         | True
35  | 1.220          | 77654431853257408.0000 | 29916667150463152.0000 | 0.3853         | True
36  | 0.910          | 2455380678596216.5000 | 2464367402959633.5000 | 1.0037         | False
37  | 0.620          | 1645748839602.8474 | 1072033229288.1663 | 0.6514         | True
38  | 0.060          | 2746.8995      | 3619.4033      | 1.3176         | False
39  | 0.120          | 112624.4618    | 107462.3381    | 0.9542         | True
40  | 0.620          | 7137061331656.4170 | 6672210639453.2979 | 0.9349         | True
41  | 0.570          | 1836869396132.4470 | 1428092571350.7605 | 0.7775         | True
42  | 0.750          | 365408541462615.8750 | 305678878029178.3125 | 0.8365         | True
43  | 0.630          | 27806315933736.1875 | 26407228910936.5469 | 0.9497         | True
44  | 1.020          | 70562536205902896.0000 | 6483382025724072.0000 | 0.0919         | True
45  | 0.910          | 8318617604805466.0000 | 6794974915214912.0000 | 0.8168         | True
46  | 0.190          | 8809484.2144   | 7908134.1998   | 0.8977         | True
47  | 0.060          | 4335.9371      | 5849.3806      | 1.3490         | False
48  | 0.650          | 123371372890858.1250 | 33720618800312.6562 | 0.2733         | True
49  | 1.060          | 548505119494299776.0000 | 560901047672965824.0000 | 1.0226         | False
50  | 0.790          | 430358179298609.4375 | 448717893138922.6875 | 1.0427         | False
51  | 0.640          | 70763527352415.6875 | 72403356366098.9688 | 1.0232         | False
52  | 0.770          | 1419716666034715.0000 | 1127070251837635.0000 | 0.7939         | True
53  | 0.190          | 11334001.6861  | 11412034.8894  | 1.0069         | False
54  | 0.540          | 14140410816975.1387 | 17306106620760.7559 | 1.2239         | False
55  | 0.630          | 82023794435003.8125 | 35066661042279.6562 | 0.4275         | True
56  | 0.810          | 11833331456249146.0000 | 12612157531581328.0000 | 1.0658         | False
57  | 0.640          | 474939834961091.0625 | 238956863908348.0625 | 0.5031         | True
58  | 1.090          | 1151704157796832000.0000 | 1251137803748626176.0000 | 1.0863         | False
59  | 0.930          | 42032645181253456.0000 | 33466047476503508.0000 | 0.7962         | True
60  | 0.330          | 29151428298.4138 | 20192499239.2471 | 0.6927         | True
61  | 0.620          | 95318125088521.4688 | 75711980760748.3438 | 0.7943         | True
62  | 0.350          | 34031479808.8953 | 44551684833.0006 | 1.3091         | False
63  | 0.860          | 18910210187227148.0000 | 20027277037331724.0000 | 1.0591         | False
64  | 0.370          | 79630820997.2983 | 79202639827.2036 | 0.9946         | True
65  | 0.580          | 39028886351370.0781 | 25469996832777.0586 | 0.6526         | True
66  | 0.710          | 2616623770762429.5000 | 3137160117580832.0000 | 1.1989         | False
67  | 0.270          | 3579016643.4936 | 2919260013.9476 | 0.8157         | True
68  | 1.020          | 421832772081845952.0000 | 98390557974968080.0000 | 0.2332         | True
69  | 0.750          | 2466132836621246.5000 | 2598652228109723.5000 | 1.0537         | False
70  | 0.070          | 18336.5886     | 27155.1622     | 1.4809         | False
71  | 0.260          | 644556828.5074 | 744102619.7114 | 1.1544         | False
72  | 0.610          | 71619201330414.1719 | 73985530434813.8125 | 1.0330         | False
73  | 0.190          | 36360472.0890  | 45749364.6440  | 1.2582         | False
74  | 0.200          | 195690004.6105 | 171444072.9872 | 0.8761         | True
75  | 1.360          | 446181493712110944256.0000 | 18893291697118994432.0000 | 0.0423         | True
76  | 0.560          | 44200847864177.1406 | 38948906307481.4062 | 0.8812         | True
77  | 0.170          | 16090297.3787  | 22385758.7123  | 1.3913         | False
78  | 0.060          | 11289.7050     | 17862.1003     | 1.5822         | False
79  | 0.430          | 525039177729.3991 | 572063940865.2820 | 1.0896         | False
80  | 0.440          | 2449778473670.2119 | 1938807400547.4124 | 0.7914         | True
81  | 0.610          | 587232882780975.6250 | 167713414533534.1562 | 0.2856         | True
82  | 1.200          | 171064231970592751616.0000 | 160604467272874262528.0000 | 0.9389         | True
83  | 0.910          | 483930411625316224.0000 | 78188554460596624.0000 | 0.1616         | True
84  | 0.500          | 9798134081982.1934 | 12112645798724.1152 | 1.2362         | False
85  | 0.070          | 25806.4700     | 41988.9738     | 1.6271         | False
86  | 0.900          | 742962483672456704.0000 | 239363347789367136.0000 | 0.3222         | True
87  | 0.490          | 17483942773314.8984 | 17246662470709.1543 | 0.9864         | True
88  | 1.340          | 194135474393534496768.0000 | 133600829435002093568.0000 | 0.6882         | True
89  | 0.490          | 44830273332903.5469 | 54634619778856.1406 | 1.2187         | False
90  | 0.530          | 68990878664674.1641 | 68577167734612.8203 | 0.9940         | True
91  | 0.760          | 8055950279616700.0000 | 6893969165182265.0000 | 0.8558         | True
92  | 0.120          | 1620018.8287   | 1805825.1070   | 1.1147         | False
93  | 0.750          | 6462922209208632.0000 | 5246414243529753.0000 | 0.8118         | True
94  | 0.440          | 3656276910346.2300 | 3122634721134.4741 | 0.8540         | True
95  | 0.350          | 318357783084.0475 | 292931146345.0237 | 0.9201         | True
96  | 0.160          | 19862959.4944  | 22471245.3058  | 1.1313         | False
97  | 0.410          | 1557465762831.7913 | 1309726787978.5886 | 0.8409         | True
98  | 0.750          | 42167961743616344.0000 | 44213833777022416.0000 | 1.0485         | False
99  | 0.630          | 1203126415943308.7500 | 869159965592486.3750 | 0.7224         | True
100 | 0.060          | 21393.9137     | 31795.0383     | 1.4862         | False
101 | 1.200          | 209243828593987452928.0000 | 241605677574562021376.0000 | 1.1547         | False
102 | 0.510          | 121764711898761.9688 | 118871355306047.5625 | 0.9762         | True
