n   | Best Alpha     | S1 (Mass)      | S2 (Hits)      | Ratio S2/S1    | S2 < S1?
--------------------------------------------------------------------------------
2   | 2.000          | 23152963.4736  | 4937765.8737   | 0.2133         | True
3   | 2.000          | 1698621587.2065 | 30951435.3525  | 0.0182         | True
4   | 1.170          | 1504991.6862   | 151036.0005    | 0.1004         | True
5   | 0.240          | 750.9197       | 422.8038       | 0.5630         | True
6   | 1.710          | 3502478102.6529 | 1025421064.5789 | 0.2928         | True
7   | 0.740          | 1673561.8853   | 1485133.5169   | 0.8874         | True
8   | 1.870          | 932394979666.9062 | 19779659549.4821 | 0.0212         | True
9   | 1.420          | 26231384145.4628 | 5381317096.3440 | 0.2051         | True
10  | 1.380          | 10537070761.6403 | 7402045903.1487 | 0.7025         | True
11  | 0.360          | 67416.6895     | 59451.7684     | 0.8819         | True
12  | 1.100          | 5170419017.3664 | 2488427396.5581 | 0.4813         | True
13  | 1.040          | 2111707208.2240 | 268551890.7345 | 0.1272         | True
14  | 0.890          | 1309710846.7385 | 361618151.3956 | 0.2761         | True
15  | 0.760          | 472444204.2335 | 519426605.3135 | 1.0994         | False
16  | 0.200          | 14244.6935     | 12058.2321     | 0.8465         | True
17  | 1.050          | 51292940506.2334 | 15036423037.9184 | 0.2931         | True
18  | 1.690          | 8099827122114.8203 | 967404845716.3162 | 0.1194         | True
19  | 0.250          | 102861.3336    | 99147.0744     | 0.9639         | True
20  | 0.380          | 1162182.7297   | 1080255.9614   | 0.9295         | True
21  | 0.100          | 1027.1360      | 1379.7545      | 1.3433         | False
22  | 0.210          | 26526.9619     | 26975.8630     | 1.0169         | False
23  | 0.590          | 134805049.1005 | 109256196.0559 | 0.8105         | True
24  | 0.090          | 1261.6436      | 1611.2678      | 1.2771         | False
25  | 0.430          | 18907145.6743  | 17136957.1502  | 0.9064         | True
26  | 0.650          | 1169351287.1098 | 1145097688.6406 | 0.9793         | True
27  | 0.130          | 6610.3081      | 6848.8628      | 1.0361         | False
28  | 0.090          | 1249.7953      | 1896.2463      | 1.5172         | False
29  | 0.310          | 1343956.2560   | 1309186.6836   | 0.9741         | True
30  | 0.890          | 125238044428.2421 | 45208859087.2734 | 0.3610         | True
31  | 0.850          | 32652317615.1540 | 30561156219.5586 | 0.9360         | True
32  | 0.750          | 18144096990.0998 | 18455497092.6133 | 1.0172         | False
33  | 0.650          | 1746986913.7168 | 1825455048.2508 | 1.0449         | False
34  | 0.690          | 4122300323.0041 | 1540786075.2978 | 0.3738         | True
35  | 0.730          | 4399133584.3571 | 3575212460.6040 | 0.8127         | True
36  | 0.810          | 39755592517.5059 | 40846468272.7554 | 1.0274         | False
37  | 0.550          | 344247196.4459 | 295384206.2692 | 0.8581         | True
38  | 0.100          | 4609.7275      | 6016.5223      | 1.3052         | False
39  | 0.210          | 261489.8837    | 247204.9411    | 0.9454         | True
40  | 0.680          | 7423514861.9132 | 7024260266.4588 | 0.9462         | True
41  | 0.520          | 479954040.5562 | 423456354.8246 | 0.8823         | True
42  | 0.620          | 6483443845.5060 | 6059551804.9632 | 0.9346         | True
43  | 0.630          | 7454695328.9220 | 7241656905.6980 | 0.9714         | True
44  | 0.850          | 216241978064.0269 | 64715579789.9497 | 0.2993         | True
45  | 0.710          | 31949216152.6721 | 28629831248.9019 | 0.8961         | True
46  | 0.450          | 227393352.9676 | 202092689.8477 | 0.8887         | True
47  | 0.090          | 4606.5965      | 6124.4808      | 1.3295         | False
48  | 0.570          | 5769465698.6155 | 2354963281.4169 | 0.4082         | True
49  | 0.660          | 36786494675.6465 | 38324591933.2378 | 1.0418         | False
50  | 0.670          | 11107123093.5341 | 12863521718.6279 | 1.1581         | False
51  | 0.540          | 2351141639.6235 | 2524814508.3149 | 1.0739         | False
52  | 0.700          | 43204383622.5209 | 37551329034.8503 | 0.8692         | True
53  | 0.400          | 101335344.3084 | 101639014.7302 | 1.0030         | False
54  | 0.380          | 145565984.4931 | 179806706.4949 | 1.2352         | False
55  | 0.560          | 4321125830.5510 | 3200022773.2569 | 0.7406         | True
56  | 0.630          | 36139444231.7697 | 41335871709.1796 | 1.1438         | False
57  | 0.600          | 27236576258.8900 | 14825501880.7520 | 0.5443         | True
58  | 0.780          | 334772601098.9889 | 392543656128.0215 | 1.1726         | False
59  | 0.680          | 44803289790.7906 | 46684912115.2681 | 1.0420         | False
60  | 0.500          | 3173038268.5945 | 2232343099.7850 | 0.7035         | True
61  | 0.530          | 3548745408.9175 | 3064011161.9716 | 0.8634         | True
62  | 0.510          | 2746960513.9187 | 3631305994.5715 | 1.3219         | False
63  | 0.690          | 75169523164.1425 | 83557904852.3792 | 1.1116         | False
64  | 0.550          | 6127120680.8263 | 6135408048.0800 | 1.0014         | False
65  | 0.530          | 4189408794.6064 | 3393269185.9733 | 0.8100         | True
66  | 0.550          | 13687577421.7227 | 17140323203.9232 | 1.2523         | False
67  | 0.610          | 35797381987.6104 | 29205356027.3727 | 0.8159         | True
68  | 0.810          | 522837023614.1678 | 248368966816.6550 | 0.4750         | True
69  | 0.560          | 9803528331.1596 | 10566663069.0945 | 1.0778         | False
70  | 0.110          | 23813.7009     | 35085.6667     | 1.4733         | False
71  | 0.360          | 81664820.4319  | 94573616.2704  | 1.1581         | False
72  | 0.550          | 6584470419.7305 | 7724176480.1269 | 1.1731         | False
73  | 0.380          | 192588561.2921 | 241928450.7443 | 1.2562         | False
74  | 0.520          | 11653116712.0644 | 10113743645.7972 | 0.8679         | True
75  | 1.050          | 44770482652029.9297 | 8222349672931.5859 | 0.1837         | True
76  | 0.510          | 4259438633.4353 | 4107216337.8084 | 0.9643         | True
77  | 0.320          | 51494151.9942  | 71499776.4692  | 1.3885         | False
78  | 0.100          | 19492.1159     | 30661.9861     | 1.5730         | False
79  | 0.380          | 206023033.6900 | 243377462.5346 | 1.1813         | False
80  | 0.390          | 459289286.7781 | 449599157.9925 | 0.9789         | True
81  | 0.550          | 24191472500.0608 | 12858516949.8273 | 0.5315         | True
82  | 0.830          | 7305682343320.7383 | 7284718406331.0752 | 0.9971         | True
83  | 0.770          | 934012652481.7003 | 438594633523.3444 | 0.4696         | True
84  | 0.440          | 1261728941.2698 | 1685157493.9827 | 1.3356         | False
85  | 0.120          | 52785.4390     | 85676.6372     | 1.6231         | False
86  | 0.680          | 506625387180.2211 | 214780136824.6990 | 0.4239         | True
87  | 0.470          | 3723749042.9499 | 3917352478.5249 | 1.0520         | False
88  | 0.860          | 4287422953700.0566 | 3569232763684.9346 | 0.8325         | True
89  | 0.390          | 1020928411.3622 | 1300618185.6165 | 1.2740         | False
90  | 0.480          | 4960427399.3277 | 5770089680.0181 | 1.1632         | False
91  | 0.580          | 27932992900.9828 | 28595730866.3898 | 1.0237         | False
92  | 0.250          | 13771226.8427  | 15142143.4489  | 1.0995         | False
93  | 0.620          | 66206192553.5969 | 64386677542.9307 | 0.9725         | True
94  | 0.430          | 1646961564.6139 | 1588455723.8094 | 0.9645         | True
95  | 0.460          | 5649826515.7613 | 5284981228.4974 | 0.9354         | True
96  | 0.300          | 62131599.7430  | 69974455.1805  | 1.1262         | False
97  | 0.540          | 16787258953.9536 | 14981019452.8202 | 0.8924         | True
98  | 0.660          | 355303212408.5057 | 406296571464.4548 | 1.1435         | False
99  | 0.520          | 18511289864.2622 | 17877959994.9892 | 0.9658         | True
100 | 0.100          | 37257.6261     | 54951.3591     | 1.4749         | False
101 | 0.610          | 221952045968.6704 | 276803738692.0036 | 1.2471         | False
102 | 0.470          | 9974114086.9226 | 10936213457.9859 | 1.0965         | False
