n   | Best Alpha     | S1 (Mass)      | S2 (Hits)      | Ratio S2/S1    | S2 < S1?
--------------------------------------------------------------------------------
2   | 2.000          | 3814.8030      | 1286.1402      | 0.3371         | True
3   | 1.480          | 5664.8938      | 1292.9697      | 0.2282         | True
4   | 0.920          | 597.0233       | 249.2354       | 0.4175         | True
5   | 0.840          | 1658.7420      | 898.8881       | 0.5419         | True
6   | 1.010          | 4804.9690      | 2664.8993      | 0.5546         | True
7   | 0.580          | 878.3405       | 796.2858       | 0.9066         | True
8   | 1.520          | 152058.3857    | 49679.5400     | 0.3267         | True
9   | 0.870          | 12167.5743     | 6504.6619      | 0.5346         | True
10  | 0.750          | 6313.6710      | 5503.2441      | 0.8716         | True
11  | 0.550          | 2133.6450      | 1975.4826      | 0.9259         | True
12  | 0.580          | 4072.9720      | 3779.5387      | 0.9280         | True
13  | 0.730          | 9189.1088      | 5574.2595      | 0.6066         | True
14  | 0.740          | 17354.7125     | 11436.5608     | 0.6590         | True
15  | 0.600          | 10164.9159     | 11494.5470     | 1.1308         | False
16  | 0.680          | 18204.2323     | 15341.6293     | 0.8428         | True
17  | 0.650          | 23093.0290     | 16696.2894     | 0.7230         | True
18  | 0.850          | 59733.9937     | 46142.5301     | 0.7725         | True
19  | 0.520          | 9169.0437      | 9106.4942      | 0.9932         | True
20  | 0.530          | 8891.2628      | 8934.2860      | 1.0048         | False
21  | 0.290          | 1303.7080      | 1722.5864      | 1.3213         | False
22  | 0.510          | 9179.3416      | 9400.4710      | 1.0241         | False
23  | 0.450          | 6716.4548      | 6539.1082      | 0.9736         | True
24  | 0.280          | 1949.2927      | 2438.1342      | 1.2508         | False
25  | 0.640          | 42552.9136     | 41346.5756     | 0.9717         | True
26  | 0.540          | 21711.9077     | 24423.7472     | 1.1249         | False
27  | 0.420          | 9010.2470      | 9159.5810      | 1.0166         | False
28  | 0.270          | 1835.3915      | 2761.1710      | 1.5044         | False
29  | 0.460          | 11825.3158     | 12625.0829     | 1.0676         | False
30  | 0.530          | 32450.6883     | 24743.9121     | 0.7625         | True
31  | 0.580          | 44637.5189     | 48878.2399     | 1.0950         | False
32  | 0.510          | 26760.8594     | 30018.5050     | 1.1217         | False
33  | 0.460          | 16080.2226     | 19448.2608     | 1.2095         | False
34  | 0.500          | 25867.8132     | 23688.5985     | 0.9158         | True
35  | 0.490          | 21590.0340     | 24128.1549     | 1.1176         | False
36  | 0.510          | 32559.7782     | 37978.4694     | 1.1664         | False
37  | 0.420          | 13841.4986     | 16834.5983     | 1.2162         | False
38  | 0.360          | 10722.6061     | 13599.4289     | 1.2683         | False
39  | 0.540          | 53234.9802     | 52509.6393     | 0.9864         | True
40  | 0.520          | 46253.4850     | 49872.0634     | 1.0782         | False
41  | 0.400          | 15940.6500     | 19025.6147     | 1.1935         | False
42  | 0.440          | 29266.6921     | 35837.1129     | 1.2245         | False
43  | 0.460          | 35118.1013     | 39907.2127     | 1.1364         | False
44  | 0.510          | 52066.4237     | 50105.2526     | 0.9623         | True
45  | 0.490          | 49227.7331     | 59390.5315     | 1.2064         | False
46  | 0.500          | 46908.7191     | 51327.2248     | 1.0942         | False
47  | 0.380          | 19069.1369     | 24106.6496     | 1.2642         | False
48  | 0.480          | 55453.2379     | 51013.7886     | 0.9199         | True
49  | 0.440          | 38455.3145     | 44676.3580     | 1.1618         | False
50  | 0.440          | 36080.5928     | 50705.7846     | 1.4053         | False
51  | 0.370          | 18607.2640     | 23789.4671     | 1.2785         | False
52  | 0.430          | 35739.5891     | 43289.0936     | 1.2112         | False
53  | 0.480          | 58264.6821     | 64877.1373     | 1.1135         | False
54  | 0.360          | 21111.0787     | 27283.0475     | 1.2924         | False
55  | 0.380          | 23394.5741     | 31626.3943     | 1.3519         | False
56  | 0.380          | 29566.9925     | 38950.1476     | 1.3174         | False
57  | 0.460          | 64006.5391     | 61921.1800     | 0.9674         | True
58  | 0.390          | 32968.8752     | 43517.7886     | 1.3200         | False
59  | 0.440          | 52218.2008     | 73304.7053     | 1.4038         | False
60  | 0.430          | 53223.4935     | 53399.8592     | 1.0033         | False
61  | 0.400          | 36152.2851     | 41330.1776     | 1.1432         | False
62  | 0.380          | 33226.8026     | 50609.4327     | 1.5232         | False
63  | 0.430          | 52850.9392     | 70877.2790     | 1.3411         | False
64  | 0.450          | 67060.6396     | 79367.9568     | 1.1835         | False
65  | 0.410          | 45838.5647     | 59416.8581     | 1.2962         | False
66  | 0.380          | 39898.8297     | 56214.1015     | 1.4089         | False
67  | 0.460          | 84691.8825     | 96381.9269     | 1.1380         | False
68  | 0.480          | 91021.1283     | 106704.7376    | 1.1723         | False
69  | 0.420          | 59446.2342     | 73068.1820     | 1.2291         | False
70  | 0.310          | 18567.0499     | 27360.1409     | 1.4736         | False
71  | 0.350          | 28446.2016     | 36382.3174     | 1.2790         | False
72  | 0.370          | 35861.4909     | 54781.3193     | 1.5276         | False
73  | 0.360          | 34551.5658     | 47617.0336     | 1.3781         | False
74  | 0.490          | 140068.6746    | 163590.1296    | 1.1679         | False
75  | 0.540          | 246825.5356    | 234774.0378    | 0.9512         | True
76  | 0.380          | 44180.6002     | 55846.5894     | 1.2641         | False
77  | 0.300          | 18821.1544     | 28556.9340     | 1.5173         | False
78  | 0.290          | 17499.8734     | 27352.2416     | 1.5630         | False
79  | 0.320          | 25981.3264     | 35962.7411     | 1.3842         | False
80  | 0.320          | 25982.1643     | 36372.9976     | 1.3999         | False
81  | 0.390          | 66022.0524     | 81218.2758     | 1.2302         | False
82  | 0.440          | 132611.5104    | 176867.8224    | 1.3337         | False
83  | 0.430          | 89617.3808     | 126266.0241    | 1.4089         | False
84  | 0.310          | 24772.5429     | 38356.3513     | 1.5483         | False
85  | 0.290          | 19673.3965     | 32008.1885     | 1.6270         | False
86  | 0.480          | 200188.6432    | 199740.3728    | 0.9978         | True
87  | 0.350          | 41524.0807     | 58370.1152     | 1.4057         | False
88  | 0.470          | 183461.4424    | 212306.9624    | 1.1572         | False
89  | 0.320          | 33649.0906     | 48406.2934     | 1.4386         | False
90  | 0.320          | 31414.0190     | 49598.3584     | 1.5789         | False
91  | 0.370          | 57510.5436     | 76848.9123     | 1.3363         | False
92  | 0.340          | 43541.2687     | 55804.6571     | 1.2816         | False
93  | 0.400          | 90911.9626     | 119516.0314    | 1.3146         | False
94  | 0.350          | 48262.7037     | 65767.7732     | 1.3627         | False
95  | 0.400          | 97867.5652     | 123059.4334    | 1.2574         | False
96  | 0.360          | 60211.9768     | 78652.0489     | 1.3063         | False
97  | 0.380          | 68459.3262     | 94356.0805     | 1.3783         | False
98  | 0.400          | 105140.1461    | 149684.2495    | 1.4237         | False
99  | 0.340          | 52848.6424     | 72293.5798     | 1.3679         | False
100 | 0.310          | 38166.3053     | 55886.5713     | 1.4643         | False
101 | 0.390          | 101554.9792    | 144242.9173    | 1.4203         | False
102 | 0.330          | 49717.5983     | 78431.7196     | 1.5775         | False
